0.	3.07393921639361
0.01	2.98170004533252
0.02	2.8934707547350635
0.03	2.809023887500155
0.04	2.7281477811657187
0.05	2.6506451440206904
0.06	2.5763321926468947
0.07	2.505037313849373
0.08	2.436600171349554
0.09	2.370870965251701
0.1	2.3077093677215643
0.11	2.2469839572537036
0.12	2.1885719928594956
0.13	2.132357726812902
0.14	2.0782329249401816
0.15	2.0260957489311027
0.16	1.975850468160427
0.17	1.9274070628391962
0.18	1.8806807484289463
0.19	1.835591703998039
0.2	1.792064628771568
0.21	1.7500284954255783
0.22	1.7094162638478037
0.23	1.6701646063698419
0.24	1.6322136685877005
0.25	1.5955068398232286
0.26	1.5599905683533204
0.27	1.5256138051240247
0.28	1.4923291193435586
0.29	1.4600909679528502
0.3	1.4288555184551524
0.31	1.3985820781094653
0.32	1.3692317270004803
0.33	1.3407674787924604
0.34	1.3131541794949713
0.35000000000000003	1.2863584093960865
0.36	1.2603483717127464
0.37	1.2350937672939697
0.38	1.2105657970934685
0.39	1.18673698226571
0.4	1.1635811418349156
0.41000000000000003	1.1410733075023853
0.42	1.1191896880770855
0.43	1.0979074526008517
0.44	1.0772049853586558
0.45	1.0570615086403117
0.46	1.0374572173947592
0.47000000000000003	1.0183731449525912
0.48	0.9997911721244392
0.49	0.9816939552687909
0.5	0.9640648950363191
0.51	0.9468880957230484
0.52	0.9301483299891246
0.53	0.9138310077238979
0.54	0.8979221440807827
0.55	0.8824083227147219
0.56	0.8672766766692775
0.5700000000000001	0.852514859685058
0.58	0.8381110193815464
0.59	0.8240537748818926
0.6	0.8103321905641165
0.61	0.7969357651026653
0.62	0.7838544001042785
0.63	0.7710783871643376
0.64	0.7585983881019394
0.65	0.7464054202844362
0.66	0.7344908381525876
0.67	0.7228463203946734
0.68	0.7114638517814986
0.6900000000000001	0.7003357145109024
0.7000000000000001	0.6894544713895046
0.71	0.6788129559315724
0.72	0.6684042586671822
0.73	0.6582217171689841
0.74	0.6482589065010674
0.75	0.6385096269327368
0.76	0.6289678947594542
0.77	0.6196279381287659
0.78	0.6104841806319247
0.79	0.6015312364301245
0.8	0.5927639065898647
0.81	0.5841771648052985
0.8200000000000001	0.5757661539114065
0.8300000000000001	0.5675261800123478
0.84	0.5594527029139001
0.85	0.5515413326502492
0.86	0.5437878228175548
0.87	0.5361880648463746
0.88	0.5287380826271336
0.89	0.5214340276275232
0.9	0.5142721734529834
0.91	0.507248912888026
0.92	0.5003607488720606
0.93	0.4936042968015111
0.9400000000000001	0.4869762762567652
0.9500000000000001	0.4804735074423798
0.96	0.4740928959696472
0.97	0.4678314923873308
0.98	0.4616863600933276
0.99	0.45565470231373606
1.	0.44973379259606505
1.01	0.44392098605480973
1.02	0.4382137149160382
1.03	0.4326094890817661
1.04	0.4271058886616459
1.05	0.42170057314143794
1.06	0.4163912463088398
1.07	0.41117570235906054
1.08	0.4060517876016606
1.09	0.40101740363341676
1.1	0.3960705346459826
1.11	0.3912091981723215
1.12	0.38643147432556646
1.1300000000000001	0.38173549674885143
1.1400000000000001	0.3771194503019601
1.1500000000000001	0.3725815700278845
1.16	0.3681201392231106
1.17	0.3637334964998846
1.18	0.3594199894760221
1.19	0.3551780283348088
1.2	0.35100617071762
1.21	0.3469028126658633
1.22	0.34286653011329066
1.23	0.33889590280678555
1.24	0.3349895477190214
1.25	0.3311461173331901
1.26	0.32736429873471834
1.27	0.3236428138420785
1.28	0.31998041654818976
1.29	0.3163759156630691
1.3	0.31282808250428934
1.31	0.3093357862126666
1.32	0.30589787796280976
1.33	0.30251330922137204
1.34	0.2991809871587623
1.35	0.2958998690253226
1.36	0.29266893781707387
1.37	0.28948720127329786
1.3800000000000001	0.28635369126859656
1.3900000000000001	0.28326746371011113
1.4000000000000001	0.2802275965890396
1.41	0.27723319071636754
1.42	0.27428335973171797
1.43	0.27137726280211893
1.44	0.2685140599649321
1.45	0.2656929243476203
1.46	0.2629130628472434
1.47	0.26017369623443143
1.48	0.25747406376163257
1.49	0.2548134216981468
1.5	0.25219104307793094
1.51	0.24960621891668708
1.52	0.24705825505505152
1.53	0.2445464741285576
1.54	0.24207021357865804
1.55	0.23962882618528836
1.56	0.2372216788198917
1.57	0.23484815269569942
1.58	0.23250764496262222
1.59	0.23019955721563795
1.6	0.22792331788797052
1.61	0.22567835839218903
1.62	0.22346412543843563
1.6300000000000001	0.2212800773692959
1.6400000000000001	0.2191256845694389
1.6500000000000001	0.21700042878393855
1.6600000000000001	0.21490380252910984
1.67	0.2128353094268376
1.68	0.21079446394741463
1.69	0.20878079052824455
1.7	0.2067938237823054
1.71	0.20483310810574162
1.72	0.2028981975116364
1.73	0.20098865501118365
1.74	0.19910405334325232
1.75	0.1972439321114231
1.76	0.19540796748682718
1.77	0.19359571105063048
1.78	0.19180680987604426
1.79	0.19004079812712826
1.8	0.1882973394710636
1.81	0.18657606373047741
1.82	0.18487660827416164
1.83	0.18319861805422366
1.84	0.1815417447289338
1.85	0.1799056469673913
1.86	0.17828999023820188
1.87	0.17669444660186717
1.8800000000000001	0.1751186946441927
1.8900000000000001	0.17356241916004486
1.9000000000000001	0.1720253424415879
1.9100000000000001	0.17050709844240397
1.92	0.16900739262528208
1.93	0.16752599163529291
1.94	0.16606258173471766
1.95	0.164616791903696
1.96	0.16318852658339872
1.97	0.1617775170084391
1.98	0.16038331784839296
1.99	0.15900575977274392
2.	0.15764458802666048
2.0100000000000002	0.1562995527570651
2.02	0.15497040833777664
2.0300000000000002	0.1536569145310781
2.04	0.15235883497819017
2.05	0.15107593714479875
2.06	0.14980799420363428
2.07	0.14855478311633075
2.08	0.14731608404742452
2.09	0.14609168328153777
2.1	0.1448813661927047
2.11	0.1436849267727006
2.12	0.14250216113266836
2.13	0.14133286920773405
2.14	0.14017685259478294
2.15	0.1390339222692616
2.16	0.13790388562607647
2.17	0.13678656004816422
2.18	0.13568175654433723
2.19	0.134589298881855
2.2	0.13350900943018199
2.21	0.13244071519624445
2.22	0.1313842456846692
2.23	0.1303394333423353
2.24	0.12930611354149432
2.25	0.12828412729452054
2.2600000000000002	0.1272733100367896
2.27	0.12627350827905953
2.2800000000000002	0.1252845684446987
2.29	0.12430633920320766
2.3000000000000003	0.1233386731558968
2.31	0.12238142338454404
2.32	0.1214344468169286
2.33	0.12049760193965842
2.34	0.11957075104342399
2.35	0.1186537573657004
2.36	0.11774647048083174
2.37	0.1168488012468748
2.38	0.11596058359848516
2.39	0.1150817000131092
2.4	0.11421202516737304
2.41	0.11335143567399038
2.42	0.11249981028365266
2.43	0.11165702994980281
2.44	0.11082297651953993
2.45	0.10999753487961694
2.46	0.10918057864174893
2.47	0.10837203413107241
2.48	0.10757175316382758
2.49	0.1067796448010148
2.5	0.10599558896800175
2.5100000000000002	0.1052194942996445
2.52	0.10445125377596248
2.5300000000000002	0.10369076411907958
2.54	0.10293792730734051
2.5500000000000003	0.10219264398352865
2.56	0.10145481758118366
2.57	0.10072435278825642
2.58	0.10000115580247763
2.59	0.09928513427159404
2.6	0.09857619726122549
2.61	0.09787425526298607
2.62	0.09717922013849987
2.63	0.09649100511080437
2.64	0.09580952408129585
2.65	0.0951346942156877
2.66	0.0944664319680354
2.67	0.0938046556717737
2.68	0.09314928576687152
2.69	0.09250024174611585
2.7	0.09185744624861149
2.71	0.09122082256174761
2.72	0.0905902950111031
2.73	0.08996579032622858
2.74	0.08934723262253322
2.75	0.08873455084723614
2.7600000000000002	0.08812767369844421
2.77	0.08752653120159905
2.7800000000000002	0.08693105397202341
2.79	0.08634117397795756
2.8000000000000003	0.08575682412615829
2.81	0.08517793700819266
2.82	0.08460444993494111
2.83	0.08403629734948585
2.84	0.08347341594514493
2.85	0.08291574343979663
2.86	0.08236321831717686
2.87	0.08181577991765016
2.88	0.08127336913611333
2.89	0.0807359257878
2.9	0.08020339253977554
2.91	0.0796757121649003
2.92	0.07915282824716696
2.93	0.07863468517446873
2.94	0.07812122814902987
2.95	0.07761240313286691
2.96	0.0771081567937535
2.97	0.0766084366136033
2.98	0.07611319078551448
2.99	0.07562237119468446
3.	0.07513592150646797
3.0100000000000002	0.074653792917043
3.02	0.07417594068612016
3.0300000000000002	0.07370231150311027
3.04	0.07323286556886595
3.0500000000000003	0.07276754880446351
3.06	0.07230631702662298
3.0700000000000003	0.07184912437394761
3.08	0.07139592586238731
3.09	0.07094667700388782
3.1	0.07050133289276908
3.11	0.0700598522529878
3.12	0.06962219133885529
3.13	0.06918830327761825
3.14	0.06875816095437458
3.15	0.06833170888349901
3.16	0.06790891143015629
3.17	0.06748972841529638
3.18	0.06707412196940396
3.19	0.06666205067291052
3.2	0.06625347838104752
3.21	0.06584836578592537
3.22	0.06544667609857756
3.23	0.06504837443486956
3.24	0.06465341855223702
3.25	0.06426177841485234
3.2600000000000002	0.063873416632073
3.27	0.06348829887005106
3.2800000000000002	0.06310638940548625
3.29	0.06272765472314283
3.3000000000000003	0.06235206150044523
3.31	0.06197957539632937
3.3200000000000003	0.061610164756864504
3.33	0.061243797340766765
3.34	0.060880440805762534
3.35	0.06052006377103094
3.36	0.060162635013513335
3.37	0.05980812378920911
3.38	0.0594564998003877
3.39	0.05910773309013984
3.4	0.058761794109811354
3.41	0.0584186535775644
3.42	0.058078282694644406
3.43	0.05774065297826726
3.44	0.05740573630195424
3.45	0.05707350493478445
3.46	0.056743931401996996
3.47	0.05641698863880208
3.48	0.056092649869155985
3.49	0.055770888731274885
3.5	0.05545167910634986
3.5100000000000002	0.055134995223211726
3.52	0.05482081161215068
3.5300000000000002	0.05450910317355684
3.54	0.05419984503204867
3.5500000000000003	0.05389301265412158
3.56	0.0535885818351459
3.5700000000000003	0.05328652861335212
3.58	0.05298682982299749
3.59	0.05268946075108539
3.6	0.052394399607320175
3.61	0.05210162321843815
3.62	0.05181110894809126
3.63	0.05152283455822346
3.64	0.05123677814882304
3.65	0.05095291791151632
3.66	0.050671232402991026
3.67	0.050391700412051134
3.68	0.05011430095509995
3.69	0.04983901342058715
3.7	0.04956581700322478
3.71	0.049294691773223154
3.72	0.049025617717639
3.73	0.048758575041181924
3.74	0.0484935442005923
3.75	0.04823050589788123
3.7600000000000002	0.047969441040900763
3.77	0.047710332063302996
3.7800000000000002	0.04745315779808084
3.79	0.04719790109105493
3.8000000000000003	0.04694454366238686
3.81	0.04669306597542803
3.8200000000000003	0.04644345402040415
3.83	0.04619568758268582
3.84	0.04594974944152453
3.85	0.04570562303171438
3.86	0.045463291055057115
3.87	0.04522273671478511
3.88	0.04498394341435999
3.89	0.044746894737973886
3.9	0.04451157442650447
3.91	0.04427796657722827
3.92	0.04404605511478147
3.93	0.04381582442176825
3.94	0.04358725904586253
3.95	0.04336034362061234
3.96	0.04313506298301058
3.97	0.04291140213974336
3.98	0.04268934626298203
3.99	0.04246888071538432
4.	0.042249990908287495
4.01	0.04203266261421626
4.0200000000000005	0.04181688095761377
4.03	0.04160263297206272
4.04	0.04138990455384938
4.05	0.04117868205015441
4.0600000000000005	0.040968951410993174
4.07	0.040760699460955216
4.08	0.0405539135379553
4.09	0.04034857995315914
4.1	0.040144684995429274
4.11	0.039942216491345016
4.12	0.0397411617304952
4.13	0.039541508146077146
4.14	0.039343243231549474
4.15	0.03914635484589654
4.16	0.03895083060341319
4.17	0.038756657927577855
4.18	0.03856382642004289
4.19	0.03837232341040842
4.2	0.03818213737710817
4.21	0.037993256731246046
4.22	0.03780567005100904
4.23	0.03761936611338484
4.24	0.037434334568230525
4.25	0.03725056257035953
4.26	0.037068040115399006
4.2700000000000005	0.036886756387370906
4.28	0.03670670068451219
4.29	0.03652786241397417
4.3	0.036350231050188433
4.3100000000000005	0.03617379631899093
4.32	0.035998547882227394
4.33	0.03582447565630498
4.34	0.03565156953504611
4.3500000000000005	0.0354798195945088
4.36	0.03530921597483276
4.37	0.03513974897135198
4.38	0.034971408894570725
4.39	0.034804186222426495
4.4	0.034638071391736316
4.41	0.03447305530565986
4.42	0.034309128589815274
4.43	0.03414628180595891
4.44	0.0339845064289762
4.45	0.03382379318317222
4.46	0.03366413328676878
4.47	0.03350551790377275
4.48	0.03334793797856547
4.49	0.03319138564755785
4.5	0.03303585199335053
4.51	0.03288132857866058
4.5200000000000005	0.03272780704888302
4.53	0.032575279281377205
4.54	0.0324237367925065
4.55	0.03227317160721338
4.5600000000000005	0.03212357573681484
4.57	0.03197494122037675
4.58	0.031827260191555885
4.59	0.031680524862207085
4.6000000000000005	0.0315347274996952
4.61	0.03138986051102747
4.62	0.031245916323680203
4.63	0.03110288744922671
4.64	0.030960766488797982
4.65	0.030819546086186204
4.66	0.030679218978647893
4.67	0.030539777968074035
4.68	0.030401208052562755
4.69	0.03026351795670986
4.7	0.03012669323847003
4.71	0.029990726067726924
4.72	0.02985561005860564
4.73	0.029721346535993693
4.74	0.02958791264054553
4.75	0.029455309751047813
4.76	0.029323531283563582
4.7700000000000005	0.02919257070555281
4.78	0.02906242156347283
4.79	0.028933077460651338
4.8	0.02880453204845756
4.8100000000000005	0.028676779049228676
4.82	0.028549812217104124
4.83	0.02842362544335575
4.84	0.028298212649343023
4.8500000000000005	0.028173567689327737
4.86	0.02804968462984316
4.87	0.027926557536692084
4.88	0.027804180021559995
4.89	0.02768254729894483
4.9	0.02756165309112025
4.91	0.027441491678457962
4.92	0.0273220574141015
4.93	0.027203344692280643
4.94	0.027085348014407696
4.95	0.026968061774654568
4.96	0.026851480584609372
4.97	0.02673559902328562
4.98	0.026620411764298614
4.99	0.026505913520846993
5.	0.026392099032170067
5.01	0.026278963089823543
5.0200000000000005	0.02616650055580501
5.03	0.026054706325430978
5.04	0.025943575371960848
5.05	0.025833102606133237
5.0600000000000005	0.02572328312132486
5.07	0.02561411196192281
5.08	0.0255055842741526
5.09	0.025397695225977956
5.1000000000000005	0.025290440027682035
5.11	0.02518381381002016
5.12	0.025077812138709937
5.13	0.024972430235528892
5.14	0.024867663397670443
5.15	0.024763507182909268
5.16	0.024659957106566623
5.17	0.024557008532547976
5.18	0.024454657014014197
5.19	0.024352898148558465
5.2	0.024251727585644735
5.21	0.024151141007521956
5.22	0.0240511341145804
5.23	0.023951702646120936
5.24	0.023852842382057877
5.25	0.02375454915924107
5.26	0.023656818827064253
5.2700000000000005	0.02355964727834396
5.28	0.02346303043274072
5.29	0.02336696426489233
5.3	0.023271444793826257
5.3100000000000005	0.023176468062278615
5.32	0.023082030104160614
5.33	0.022988127039625196
5.34	0.02289475500010567
5.3500000000000005	0.022801910189559897
5.36	0.022709588797027943
5.37	0.02261778706869781
5.38	0.022526501281370084
5.39	0.022435727717477663
5.4	0.022345462744803635
5.41	0.0222557027136225
5.42	0.022166444040489522
5.43	0.02207768314544005
5.44	0.021989416502097892
5.45	0.02190164060180093
5.46	0.021814351982110358
5.47	0.021727547165625184
5.48	0.021641222753072006
5.49	0.021555375332726653
5.5	0.021470001596112058
5.51	0.02138509818112215
5.5200000000000005	0.02130066179084867
5.53	0.021216689159229984
5.54	0.021133177026165163
5.55	0.021050122183358666
5.5600000000000005	0.020967521445967315
5.57	0.02088537164475353
5.58	0.02080366964454673
5.59	0.020722412341944756
5.6000000000000005	0.02064159663303073
5.61	0.02056121921632058
5.62	0.020481277860609656
5.63	0.02040176871898551
5.64	0.020322689102814043
5.65	0.020244036057574258
5.66	0.02016580665347164
5.67	0.020087997974709552
5.68	0.020010607142657906
5.69	0.019933631299802794
5.7	0.019857067598218772
5.71	0.019780913249988485
5.72	0.019705165438311162
5.73	0.019629821419499677
5.74	0.019554878436733206
5.75	0.019480333448149444
5.76	0.01940618440672058
5.7700000000000005	0.01933242830998942
5.78	0.01925906251248996
5.79	0.019186084369621433
5.8	0.019113491271251688
5.8100000000000005	0.019041280639181733
5.82	0.01896944989935743
5.83	0.018897996509071292
5.84	0.018826917927854382
5.8500000000000005	0.018756211663985337
5.86	0.018685875225498572
5.87	0.018615906058604047
5.88	0.018546301904974177
5.89	0.01847706023413361
5.9	0.018408178645460887
5.91	0.018339654751811242
5.92	0.01827148625953425
5.93	0.018203670678263305
5.94	0.018136205766290672
5.95	0.018069089285343932
5.96	0.018002318628516093
5.97	0.0179358924798661
5.98	0.017869806598922018
5.99	0.017804060619442945
6.	0.017738651697762616
6.01	0.017673577633767562
6.0200000000000005	0.017608836232666965
6.03	0.017544425337194004
6.04	0.01748034278950953
6.05	0.01741658645739346
6.0600000000000005	0.017353154737423795
6.07	0.017290043992839007
6.08	0.017227253657373647
6.09	0.017164781186390476
6.1000000000000005	0.017102624515766038
6.11	0.017040781598390665
6.12	0.016979250423242612
6.13	0.01691802898280239
6.140000000000001	0.016857115289824868
6.15	0.016796507377063025
6.16	0.016736203283510484
6.17	0.01667617466354006
6.18	0.01661649915666159
6.19	0.01655709493103384
6.2	0.016497986847800773
6.21	0.016439173023603683
6.22	0.016380651590506806
6.23	0.016322420697437112
6.24	0.016264478499872812
6.25	0.016206823175172306
6.26	0.016149452908258834
6.2700000000000005	0.01609236590949857
6.28	0.016035560193108308
6.29	0.015979034384754055
6.3	0.015922786530663934
6.3100000000000005	0.01586681488775387
6.32	0.015811117725872497
6.33	0.015755693328588602
6.34	0.015700540247433892
6.3500000000000005	0.01564565628281233
6.36	0.015591040005827138
6.37	0.015536689788297439
6.38	0.015482603917689438
6.390000000000001	0.015428780781114194
6.4	0.015375218750912942
6.41	0.015321916211865736
6.42	0.015268871559448779
6.43	0.015216083206070843
6.44	0.015163549562840583
6.45	0.015111269070821233
6.46	0.015059240171144022
6.47	0.01500746131937677
6.48	0.01495593095361303
6.49	0.014904647610271056
6.5	0.01485360975017133
6.51	0.014802815877803696
6.5200000000000005	0.014752264498243992
6.53	0.01470195413811774
6.54	0.014651883330322723
6.55	0.014602050621131886
6.5600000000000005	0.014552454566627177
6.57	0.01450309553592702
6.58	0.014453966653389485
6.59	0.0144050719873323
6.6000000000000005	0.014356408315294234
6.61	0.014307974233496544
6.62	0.014259768360469157
6.63	0.014211789320868638
6.640000000000001	0.014164035754951046
6.65	0.014116506309229188
6.66	0.014069199644614934
6.67	0.014022114427125417
6.68	0.013975249334220802
6.69	0.013928603074338658
6.7	0.013882174299350864
6.71	0.013835961739284867
6.72	0.013789964108064226
6.73	0.013744180167007639
6.74	0.013698608515302158
6.75	0.013653248070572225
6.76	0.013608097490370548
6.7700000000000005	0.013563155550564148
6.78	0.013518421024269558
6.79	0.013473892619967363
6.8	0.01342956927795129
6.8100000000000005	0.01338544969183698
6.82	0.013341532682694777
6.83	0.013297817064504974
6.84	0.01325430165599103
6.8500000000000005	0.013210985302441183
6.86	0.013167866817541691
6.87	0.013124945038366968
6.88	0.013082218858462466
6.890000000000001	0.013039687121506532
6.9	0.012997348697137456
6.91	0.012955202493455149
6.92	0.012913247334881901
6.93	0.012871482149777866
6.94	0.012829905830525758
6.95	0.01278851728897819
6.96	0.012747315476283971
6.97	0.012706299582824264
6.98	0.012665467941745574
6.99	0.012624819503071077
7.	0.012584353807648859
7.01	0.012544069514320648
7.0200000000000005	0.01250396558451123
7.03	0.012464040985231788
7.04	0.012424294669348575
7.05	0.012384725680703474
7.0600000000000005	0.012345332960975206
7.07	0.012306115519428017
7.08	0.012267072363263602
7.09	0.012228202499368441
7.1000000000000005	0.012189505020660504
7.11	0.012150978805841116
7.12	0.012112622913165798
7.13	0.012074436478497092
7.140000000000001	0.012036417562161715
7.15	0.01199856707551421
7.16	0.011960883102578672
7.17	0.01192336479908575
7.18	0.011886011188999275
7.19	0.011848821351352621
7.2	0.011811794367546967
7.21	0.011774929321205614
7.22	0.01173822531469546
7.23	0.011701681433317571
7.24	0.011665297800614061
7.25	0.011629071550476672
7.26	0.011593002784249823
7.2700000000000005	0.011557090624606527
7.28	0.011521334205973776
7.29	0.011485732660066026
7.3	0.011450285136913596
7.3100000000000005	0.011414990782882653
7.32	0.011379848861026104
7.33	0.011344858314846652
7.34	0.011310018475508991
7.3500000000000005	0.011275328403118297
7.36	0.011240787382244084
7.37	0.011206394488574604
7.38	0.0111721489655496
7.390000000000001	0.011138050002037096
7.4	0.011104096787985532
7.41	0.01107028855373612
7.42	0.011036624495126948
7.43	0.011003103825725452
7.44	0.010969725773357121
7.45	0.010936489548008419
7.46	0.010903394379996073
7.47	0.010870439518529259
7.48	0.010837617300713356
7.49	0.010804947663837255
7.5	0.010772409163294411
7.51	0.010740007959646294
7.5200000000000005	0.010707743299421497
7.53	0.010675614454384873
7.54	0.010643620693686018
7.55	0.010611761291814693
7.5600000000000005	0.010580035528436825
7.57	0.01054844265834248
7.58	0.010516982402974757
7.59	0.010485652794253045
7.6000000000000005	0.010454454495867273
7.61	0.010423386272728284
7.62	0.010392447463148947
7.63	0.01036163736430395
7.640000000000001	0.010330955315286466
7.65	0.010300400636644043
7.66	0.010269972619576313
7.67	0.010239670612627394
7.68	0.010209493950508136
7.69	0.010179441989809124
7.7	0.010149514028565931
7.71	0.010119709437577635
7.72	0.010090027562680659
7.73	0.01006046776174497
7.74	0.010031029379799087
7.75	0.010001711820595317
7.76	0.009972514189004019
7.7700000000000005	0.009943436304081536
7.78	0.00991447727453614
7.79	0.009885636575343455
7.8	0.00985691354582205
7.8100000000000005	0.00982830778724099
7.82	0.009799818254239635
7.83	0.009771444499416521
7.84	0.009743186038880535
7.8500000000000005	0.009715042215612337
7.86	0.009687012416556768
7.87	0.009659096087800469
7.88	0.00963129262392147
7.890000000000001	0.009603601440663034
7.9	0.009576021960849793
7.91	0.009548553606426202
7.92	0.00952119580579139
7.930000000000001	0.00949394800102551
7.94	0.009466809603969737
7.95	0.00943978006491516
7.96	0.009412858826847262
7.97	0.00938604533090347
7.98	0.009359339029166537
7.99	0.009332739344614496
8.	0.009306245789788874
8.01	0.009279857796393272
8.02	0.009253574826173356
8.03	0.00922739671384746
8.040000000000001	0.009201322168896766
8.05	0.009175350445649415
8.06	0.009149482252004567
8.07	0.009123716706596603
8.08	0.009098052750647841
8.09	0.00907248938961482
8.1	0.009047028394448252
8.11	0.00902166694924316
8.120000000000001	0.00899640526122209
8.13	0.008971242941930163
8.14	0.008946179479362664
8.15	0.008921214421982572
8.16	0.008896347117414875
8.17	0.008871577154947272
8.18	0.008846904046318703
8.19	0.008822327309091115
8.2	0.008797846460916284
8.21	0.008773461023315544
8.22	0.008749170518506148
8.23	0.008724974478188062
8.24	0.008700872458074134
8.25	0.008676863928699744
8.26	0.008652948467622967
8.27	0.00862912560637341
8.28	0.008605394900288124
8.290000000000001	0.008581755865489388
8.3	0.008558208063190251
8.31	0.008534751041500893
8.32	0.008511384355827403
8.33	0.008488107560522706
8.34	0.00846492021062071
8.35	0.008441821868460438
8.36	0.008418812095764354
8.370000000000001	0.008395785464962195
8.38	0.008373056525965858
8.39	0.008350309867504303
8.4	0.008327650056535501
8.41	0.00830507667005271
8.42	0.008282589292793073
8.43	0.008260187490122663
8.44	0.00823787085341253
8.45	0.008215638968414665
8.46	0.008193491423750079
8.47	0.008171427802668933
8.48	0.008149447711836498
8.49	0.008127550739573192
8.5	0.008105736484623755
8.51	0.008084004491592472
8.52	0.008062354473639904
8.53	0.008040785983398172
8.540000000000001	0.00801929862155971
8.55	0.007997892000518892
8.56	0.007976565732866502
8.57	0.007955319431938996
8.58	0.007934152717837381
8.59	0.00791306518738671
8.6	0.007892056494667407
8.61	0.00787112624600613
8.620000000000001	0.007850274070636933
8.63	0.007829499591816514
8.64	0.007808802440378361
8.65	0.007788182247953227
8.66	0.007767638648307074
8.67	0.007747171326115071
8.68	0.007726779817026821
8.69	0.007706463860488801
8.700000000000001	0.007686223010526793
8.71	0.007666056953904809
8.72	0.0076459653394756215
8.73	0.007625947808155193
8.74	0.00760600401615175
8.75	0.007586133620382329
8.76	0.007566336263148131
8.77	0.007546611606748498
8.78	0.007526959309434871
8.790000000000001	0.007507379031413057
8.8	0.007487870434821962
8.81	0.007468433183791222
8.82	0.0074490669449697585
8.83	0.007429771384718451
8.84	0.007410546177208219
8.85	0.007391390986874263
8.86	0.007372305499228524
8.870000000000001	0.00735328932901707
8.88	0.007334342249275987
8.89	0.007315463895457136
8.9	0.0072966539482868025
8.91	0.007277912090622641
8.92	0.007259237996357991
8.93	0.007240631376679664
8.94	0.007222091900546807
8.950000000000001	0.007203619259062779
8.96	0.007185213158308988
8.97	0.007166873271269446
8.98	0.007148599301864511
8.99	0.007130390946183944
9.	0.007112247901197761
9.01	0.0070941698681657025
9.02	0.007076156550577371
9.03	0.007058207651858016
9.040000000000001	0.0070403228737154775
9.05	0.007022501920900745
9.06	0.007004744510236809
9.07	0.0069870503451083706
9.08	0.0069694191386517725
9.09	0.006951850600215788
9.1	0.006934344451460723
9.11	0.006916900406088493
9.120000000000001	0.0068995181769118865
9.13	0.0068821974932807735
9.14	0.006864938069118988
9.15	0.006847739627901773
9.16	0.0068306018936606224
9.17	0.006813524590539871
9.18	0.006796507453170625
9.19	0.006779550200181671
9.200000000000001	0.006762652576915797
9.21	0.006745814294577634
9.22	0.006729035064926871
9.23	0.006712314709892034
9.24	0.006695652879031348
9.25	0.006679049339004752
9.26	0.006662503831550568
9.27	0.006646016088808153
9.28	0.006629585853513605
9.290000000000001	0.006613212883722049
9.3	0.006596896905933126
9.31	0.006580637672691732
9.32	0.006564434935494063
9.33	0.006548288432918443
9.34	0.006532197921387119
9.35	0.006516163153662123
9.36	0.006500183876879971
9.370000000000001	0.006484259839927099
9.38	0.006468390814158137
9.39	0.0064525765478038125
9.4	0.0064368167988558605
9.41	0.006421111326454034
9.42	0.006405459891225325
9.43	0.006389862255485374
9.44	0.006374318181120708
9.450000000000001	0.00635882743251506
9.46	0.00634338977622849
9.47	0.00632800497824072
9.48	0.006312672808640177
9.49	0.006297393033536794
9.5	0.006282165423455766
9.51	0.006266989753416525
9.52	0.006251865792718497
9.53	0.006236793320113905
9.540000000000001	0.006221772105712395
9.55	0.006206801931628915
9.56	0.006191882570113656
9.57	0.006177013735550819
9.58	0.006162195343532574
9.59	0.006147427106877617
9.6	0.006132708810731203
9.61	0.006118040300790386
9.620000000000001	0.006103421210976263
9.63	0.006088851431391666
9.64	0.006074330740565121
9.65	0.0060598589079754305
9.66	0.006045435730176131
9.67	0.00603106099995589
9.68	0.006016734507618572
9.69	0.006002456045751514
9.700000000000001	0.005988225407856378
9.71	0.005974042391915231
9.72	0.005959906927920555
9.73	0.0059458185344310795
9.74	0.0059317771500053676
9.75	0.0059177825735762905
9.76	0.005903834633625421
9.77	0.005889932904327808
9.78	0.005876077692315855
9.790000000000001	0.005862268330021947
9.8	0.005848504815321714
9.81	0.0058347868073466876
9.82	0.005821114974238471
9.83	0.005807486047534973
9.84	0.005793905151408172
9.85	0.005780367817111826
9.86	0.005766874636604061
9.870000000000001	0.0057534247245588435
9.88	0.005740022940757919
9.89	0.0057266630052009455
9.9	0.005713347114837106
9.91	0.0057000749524125875
9.92	0.005686846334432032
9.93	0.005673661078520917
9.94	0.005660519001649459
9.950000000000001	0.0056474199215265
9.96	0.005634363592459073
9.97	0.0056213499675084565
9.98	0.00560837880342736
9.99	0.005595449919544654
10.	0.005582563140064806
10.01	0.005569718289493484
10.02	0.005556915192866831
10.03	0.005544153679171925
10.040000000000001	0.005531433565397973
10.05	0.005518754689704222
10.06	0.005506116875045346
10.07	0.0054935199546437136
10.08	0.005480963756585032
10.09	0.0054684481125827225
10.1	0.005455972855326371
10.11	0.005443537332050208
10.120000000000001	0.005431142349232082
10.13	0.0054187872583902254
10.14	0.005406471884674895
10.15	0.005394196523232535
10.16	0.005381960098515192
10.17	0.005369762906700694
10.18	0.005357604794728217
10.19	0.005345485585196502
10.200000000000001	0.0053334051281788775
10.21	0.005321363263664944
10.22	0.005309359833486197
10.23	0.005297394680262922
10.24	0.005285467647625388
10.25	0.005273578579305587
10.26	0.005261727319071105
10.27	0.005249913715452824
10.28	0.005238137613560811
10.290000000000001	0.00522639886065132
10.3	0.005214697304963248
10.31	0.005203033043521279
10.32	0.00519140542986138
10.33	0.005179814310592497
10.34	0.005168260037627342
10.35	0.00515674221340558
10.36	0.005145260689585309
10.370000000000001	0.00513381532019301
10.38	0.005122405959665554
10.39	0.005111032460041114
10.4	0.005099694517542965
10.41	0.005088392309280781
10.42	0.005077125531933883
10.43	0.005065894042395496
10.44	0.005054697861187716
10.450000000000001	0.005043536523271065
10.46	0.005032410049929511
10.47	0.005021318301526035
10.48	0.0050102611389058575
10.49	0.0049992384781178305
10.5	0.004988250069740886
10.51	0.00497729583540066
10.52	0.004966375638404684
10.53	0.004955489341814681
10.540000000000001	0.004944636810565187
10.55	0.004933817910261723
10.56	0.0049230323179153546
10.57	0.004912280278185241
10.58	0.004901561360585778
10.59	0.0048908757612896245
10.6	0.004880223021351297
10.61	0.004869603119397364
10.620000000000001	0.004859015923893846
10.63	0.004848461309120289
10.64	0.004837939143819186
10.65	0.004827449300435695
10.66	0.004816991875471341
10.67	0.004806566293899112
10.68	0.0047961726544507805
10.69	0.004785810830734659
10.700000000000001	0.004775480697717483
10.71	0.004765182131101785
10.72	0.00475491500677318
10.73	0.004744679201951058
10.74	0.00473447459277361
10.75	0.004724301024469312
10.76	0.004714158442762863
10.77	0.004704046693779301
10.78	0.004693965656123322
10.790000000000001	0.004683915245315483
10.8	0.00467389527239264
10.81	0.004663905653307224
10.82	0.0046539462704804765
10.83	0.0046440170021891216
10.84	0.004634117739360076
10.85	0.00462424836182829
10.86	0.004614408753388578
10.870000000000001	0.004604598798899823
10.88	0.004594818383608691
10.89	0.004585067391775812
10.9	0.004575345712712991
10.91	0.004565651892780257
10.92	0.00455598849057902
10.93	0.004546354061985862
10.94	0.0045367484952725115
10.950000000000001	0.004527173044430292
10.96	0.004517624875357959
10.97	0.004508105232577246
10.98	0.004498614014358284
10.99	0.004489151108074099
11.	0.0044797164037424725
11.01	0.004470309800569159
11.02	0.004460931159514499
11.03	0.00445158046834124
11.040000000000001	0.004442257504481044
11.05	0.004432962208964091
11.06	0.004423694475842679
11.07	0.004414454201537608
11.08	0.004405241252510447
11.09	0.004396055580470449
11.1	0.0043868970808097
11.11	0.004377765600451281
11.120000000000001	0.004368661092990951
11.13	0.004359583383616395
11.14	0.004350532392397407
11.15	0.004341508061049079
11.16	0.00433251028786212
11.17	0.004323538925526973
11.18	0.004314593899190801
11.19	0.004305675108558392
11.200000000000001	0.004296782407227788
11.21	0.004287915789469149
11.22	0.004279075110770682
11.23	0.004270260275910782
11.24	0.00426147118668874
11.25	0.004252707746487731
11.26	0.004243969859132456
11.27	0.00423525742888676
11.28	0.004226570360492205
11.290000000000001	0.004217908559001889
11.3	0.004209271930023799
11.31	0.004200660379554906
11.32	0.00419207381477075
11.33	0.004183512139668122
11.34	0.0041749752649754114
11.35	0.004166463096880698
11.36	0.004157975543837552
11.370000000000001	0.004149512514162209
11.38	0.004141073916881337
11.39	0.004132659661198217
11.4	0.004124269657227192
11.41	0.004115903814607139
11.42	0.004107562048087409
11.43	0.004099244260844503
11.44	0.004090950368151839
11.450000000000001	0.004082680157493591
11.46	0.004074433789424139
11.47	0.004066211053320695
11.48	0.0040580118601413456
11.49	0.004049836124567851
11.5	0.004041683758844627
11.51	0.004033554679661183
11.52	0.004025445015880849
11.53	0.0040173660354930335
11.540000000000001	0.004009306300676284
11.55	0.0040012695114481816
11.56	0.003993255583837349
11.57	0.003985264434038558
11.58	0.00397729597483605
11.59	0.00396935013199865
11.6	0.003961426818842891
11.61	0.003953525951885629
11.620000000000001	0.003945647452294007
11.63	0.003937791236017458
11.64	0.003929957221673985
11.65	0.003922145311412922
11.66	0.003914355463092363
11.67	0.003906587576571103
11.68	0.003898841572911441
11.69	0.0038911173731419816
11.700000000000001	0.0038834148974282957
11.71	0.003875734065850442
11.72	0.003868074803694498
11.73	0.0038604370503807083
11.74	0.0038528206900670797
11.75	0.0038452256649434795
11.76	0.0038376518969941357
11.77	0.00383009931203871
11.78	0.0038225678275659917
11.790000000000001	0.0038150573777583565
11.8	0.0038075678819658575
11.81	0.003800099265572386
11.82	0.0037926514540475194
11.83	0.00378522437061806
11.84	0.003777817943413381
11.85	0.0037704320978124897
11.86	0.0037630667602644306
11.870000000000001	0.003755721857598756
11.88	0.003748397316623504
11.89	0.0037410930651527825
11.9	0.0037338090302842315
11.91	0.003726545140891524
11.92	0.0037193013249132967
11.93	0.003712077511546409
11.94	0.0037048736292014323
11.950000000000001	0.0036976896066741975
11.96	0.0036905253740034433
11.97	0.0036833809958340055
11.98	0.003676256133095936
11.99	0.0036691508508209744
12.	0.0036620650795627647
12.01	0.0036549987508075676
12.02	0.003647951792356688
12.030000000000001	0.003640924142677819
12.040000000000001	0.003633915730337842
12.05	0.003626926487598475
12.06	0.0036199563467272967
12.07	0.0036130052409917924
12.08	0.003606073103522813
12.09	0.0035991598660526413
12.1	0.0035922654654223698
12.11	0.003585389835572301
12.120000000000001	0.0035785329102456633
12.13	0.0035716946285666447
12.14	0.0035648749151112502
12.15	0.0035580737063372497
12.16	0.0035512909373447157
12.17	0.0035445265512416974
12.18	0.0035377804801886258
12.19	0.0035310526459690255
12.200000000000001	0.003524343014027386
12.21	0.0035176515052039153
12.22	0.0035109780577230426
12.23	0.0035043226048664584
12.24	0.003497685093384659
12.25	0.0034910654537029053
12.26	0.00348446362698772
12.27	0.003477879551555436
12.280000000000001	0.0034713131642516615
12.290000000000001	0.0034647644046381025
12.3	0.0034582332119278444
12.31	0.0034517195257856934
12.32	0.003445223278998384
12.33	0.003438744424217633
12.34	0.003432282895314496
12.35	0.003425838632650119
12.36	0.00341941157687758
12.370000000000001	0.0034130016688568186
12.38	0.003406608849789723
12.39	0.0034002330608828586
12.4	0.0033938742438230454
12.41	0.0033875323404823137
12.42	0.003381207292953243
12.43	0.0033748996201497824
12.44	0.003368608121454035
12.450000000000001	0.003362333294876953
12.46	0.0033560750946250383
12.47	0.0033498334642884527
12.48	0.0033436083473989344
12.49	0.003337399646477723
12.5	0.003331206824098874
12.51	0.003325030900666748
12.52	0.0033188712796942453
12.530000000000001	0.003312728549479253
12.540000000000001	0.0033066013399597146
12.55	0.003300490254290127
12.56	0.003294394591547752
12.57	0.003288315594906829
12.58	0.003282252559504007
12.59	0.0032762054329693404
12.6	0.0032701741675465225
12.61	0.0032641586936921316
12.620000000000001	0.003258158967166423
12.63	0.003252174935396653
12.64	0.0032462065438908366
12.65	0.003240253740838025
12.66	0.003234316474456354
12.67	0.0032283946994147122
12.68	0.0032224883480547173
12.69	0.0032165973767663853
12.700000000000001	0.0032107217339863237
12.71	0.0032048613964842636
12.72	0.003199016256611306
12.73	0.003193186292093548
12.74	0.003187371451653613
12.75	0.003181571684951368
12.76	0.0031757869418632496
12.77	0.0031700171721849952
12.780000000000001	0.0031642623261240875
12.790000000000001	0.0031585223615700807
12.8	0.0031527972136684247
12.81	0.0031470868409691623
12.82	0.0031413911939661685
12.83	0.003135710223826509
12.84	0.0031300438821186736
12.85	0.003124392120198661
12.86	0.0031187548900891084
12.870000000000001	0.003113132143049038
12.88	0.0031075238312501152
12.89	0.00310192990732949
12.9	0.0030963503235901624
12.91	0.00309078503301653
12.92	0.003085233979436136
12.93	0.0030796971329088993
12.94	0.0030741744291968133
12.950000000000001	0.003068665839902925
12.96	0.0030631713065474024
12.97	0.00305769078888237
12.98	0.0030522242380042323
12.99	0.0030467716175133267
13.	0.0030413328627843374
13.01	0.003035907937812509
13.02	0.003030496785781742
13.030000000000001	0.003025099384440411
13.040000000000001	0.003019715677493023
13.05	0.003014345620183867
13.06	0.0030089891679354825
13.07	0.0030036462763480478
13.08	0.0029983184097316404
13.09	0.0029930010015882975
13.1	0.0029876982304910434
13.11	0.002982409141463005
13.120000000000001	0.0029771333940514346
13.13	0.002971871239453527
13.14	0.002966622043994298
13.15	0.0029613860758598387
13.16	0.00295616326081232
13.17	0.0029509535718717757
13.18	0.0029457569668183826
13.19	0.0029405734031777743
13.200000000000001	0.002935402838783785
13.21	0.0029302452316365426
13.22	0.002925100540250465
13.23	0.0029199686302032873
13.24	0.0029148497237942747
13.25	0.0029097435291849712
13.26	0.0029046500842886355
13.27	0.0028995693480525072
13.280000000000001	0.0028945012790682796
13.290000000000001	0.0028894458378462
13.3	0.0028844029668161444
13.31	0.0028793726582492132
13.32	0.0028743548558791553
13.33	0.002869349519912545
13.34	0.002864356625435082
13.35	0.0028593761012524945
13.36	0.002854407923714203
13.370000000000001	0.002849452053493574
13.38	0.002844508451226732
13.39	0.0028395770777784658
13.4	0.0028346578948005544
13.41	0.002829750862189557
13.42	0.00282485594219856
13.43	0.002819973095704078
13.44	0.0028151022846224514
13.450000000000001	0.0028102434710291085
13.46	0.0028053966162229858
13.47	0.0028005616856944028
13.48	0.0027957386352312525
13.49	0.0027909274308738036
13.5	0.0027861280345523576
13.51	0.002781340418808293
13.52	0.002776564527047088
13.530000000000001	0.002771800331887988
13.540000000000001	0.002767047796408331
13.55	0.0027623068839319766
13.56	0.0027575775576100217
13.57	0.0027528597844249593
13.58	0.0027481535211487133
13.59	0.002743458735029156
13.6	0.0027387753895603056
13.61	0.0027341034498651134
13.620000000000001	0.0027294428796474845
13.63	0.0027247936430116063
13.64	0.002720155707248163
13.65	0.0027155290315312225
13.66	0.0027109135833130508
13.67	0.002706309327908974
13.68	0.002701716229499825
13.69	0.002697134253636802
13.700000000000001	0.0026925633662786877
13.71	0.00268800353145515
13.72	0.0026834547154166084
13.73	0.002678916883825127
13.74	0.002674390002198945
13.75	0.002669874037030945
13.76	0.0026653689544121305
13.77	0.002660874719767601
13.780000000000001	0.0026563913002248035
13.790000000000001	0.002651918661804249
13.8	0.002647456771291578
13.81	0.0026430055947653805
13.82	0.002638565099737457
13.83	0.002634135252958372
13.84	0.0026297160196985287
13.85	0.002625307370912447
13.86	0.0026209092726974226
13.870000000000001	0.0026165203901950505
13.88	0.0026121445931355865
13.89	0.0026077779487438542
13.9	0.0026034217246899832
13.91	0.0025990758882026097
13.92	0.002594740408788667
13.93	0.0025904152888440364
13.94	0.0025861004262849588
13.950000000000001	0.002581795825389959
13.96	0.0025775014537343854
13.97	0.002573217280782952
13.98	0.002568943275215288
13.99	0.0025646794059633105
14.	0.0025604256414940205
14.01	0.002556181951346992
14.02	0.002551948304433576
14.030000000000001	0.002547724670333674
14.040000000000001	0.002543511018347797
14.05	0.002539307318081251
14.06	0.0025351135055953614
14.07	0.002530929618119448
14.08	0.0025267555917972587
14.09	0.0025225913966539157
14.1	0.0025184371589575976
14.11	0.002514292380521219
14.120000000000001	0.002510157500153166
14.13	0.002506032334018586
14.14	0.0025019168489655587
14.15	0.0024978110175389776
14.16	0.002493714810479303
14.17	0.0024896281988035156
14.18	0.0024855511534274395
14.19	0.0024814836454825013
14.200000000000001	0.0024774256461876265
14.21	0.002473377130305366
14.22	0.0024693380636531125
14.23	0.002465308418685442
14.24	0.0024612881677867995
14.25	0.0024572772821845083
14.26	0.0024532757362931788
14.27	0.002449283497882892
14.280000000000001	0.0024453005443125916
14.290000000000001	0.0024413268450604996
14.3	0.0024373623723958713
14.31	0.002433407098733818
14.32	0.002429460996435477
14.33	0.0024255240381832
14.34	0.0024215961964933006
14.35	0.002417677444159526
14.36	0.002413767754124188
14.370000000000001	0.00240986709930776
14.38	0.002405975452763935
14.39	0.0024020927875444734
14.4	0.0023982190771167766
14.41	0.0023943542947245005
14.42	0.0023904984156524187
14.43	0.0023866514098452585
14.44	0.002382813252618986
14.450000000000001	0.0023789839177720934
14.46	0.00237516337911605
14.47	0.002371351611200953
14.48	0.0023675485868090247
14.49	0.0023637542808588557
14.5	0.002359968667410662
14.51	0.0023561917207668977
14.52	0.0023524234153446755
14.530000000000001	0.0023486637255816256
14.540000000000001	0.002344912621179024
14.55	0.002341170086599107
14.56	0.0023374360917103754
14.57	0.0023337106113642514
14.58	0.0023299936205026166
14.59	0.0023262850939850094
14.6	0.0023225850072778717
14.61	0.0023188933354194373
14.620000000000001	0.0023152100537127845
14.63	0.0023115351368273966
14.64	0.0023078685638543393
14.65	0.002304210302324965
14.66	0.0023005603358782372
14.67	0.002296918585064856
14.68	0.002293285183985894
14.69	0.0022896599489960873
14.700000000000001	0.002286042909707605
14.71	0.0022824340422035283
14.72	0.0022788333226521373
14.73	0.0022752407273065704
14.74	0.0022716562325044713
14.75	0.0022680798146676533
14.76	0.0022645114470586417
14.77	0.002260951112750233
14.780000000000001	0.00225739878517404
14.790000000000001	0.0022538544410837425
14.8	0.002250318057319048
14.81	0.002246789610333581
14.82	0.002243269078169725
14.83	0.002239756437248337
14.84	0.002236251664558616
14.85	0.0022327547380778996
14.86	0.0022292656344256173
14.870000000000001	0.0022257843312502765
14.88	0.0022223108060230867
14.89	0.00221884503629648
14.9	0.0022153869996578805
14.91	0.002211936674050395
14.92	0.002208494037040765
14.93	0.0022050590665844607
14.94	0.002201631741403778
14.950000000000001	0.0021982120378315996
14.96	0.0021947999350550714
14.97	0.0021913954111171512
14.98	0.002187998444281065
14.99	0.0021846090128861692
15.	0.0021812270960554683
15.01	0.0021778526706659747
15.02	0.0021744857164356876
15.030000000000001	0.0021711262117095863
15.040000000000001	0.0021677741352559283
15.05	0.0021644294658572792
15.06	0.00216109218238091
15.07	0.0021577622637640554
15.08	0.0021544396868361953
15.09	0.0021511244350392654
15.1	0.0021478164853525484
15.11	0.002144515816866389
15.120000000000001	0.002141222409158961
15.13	0.0021379362414645827
15.14	0.0021346572932159423
15.15	0.0021313855439357146
15.16	0.0021281209732319445
15.17	0.002124863560745654
15.18	0.0021216132860272918
15.19	0.002118370129234144
15.200000000000001	0.0021151340700474295
15.21	0.002111905088409186
15.22	0.002108683164317802
15.23	0.002105468277865356
15.24	0.0021022604091996736
15.25	0.0020990595350664906
15.26	0.002095865642443697
15.27	0.0020926787086437927
15.280000000000001	0.0020894987139171346
15.290000000000001	0.0020863256386636827
15.3	0.002083159463478401
15.31	0.0020800001689858334
15.32	0.002076847735878824
15.33	0.0020737021448688406
15.34	0.0020705633767950076
15.35	0.002067431412538652
15.36	0.002064306233051406
15.370000000000001	0.0020611878193357055
15.38	0.0020580761524787647
15.39	0.0020549712136199456
15.4	0.002051872984009634
15.41	0.0020487814448289644
15.42	0.0020456965778117547
15.43	0.0020426183659440073
15.44	0.002039546786451341
15.450000000000001	0.0020364818231518454
15.46	0.0020334234579046794
15.47	0.0020303716752787596
15.48	0.0020273264507192686
15.49	0.0020242877686936335
15.5	0.002021255610176115
15.51	0.002018229959568824
15.52	0.0020152107974940187
15.530000000000001	0.0020121981057633254
15.540000000000001	0.0020091918724664845
15.55	0.0020061920686559225
15.56	0.002003198681901713
15.57	0.002000211694466234
15.58	0.0019972310886717803
15.59	0.001994256847004512
15.6	0.001991288951591531
15.610000000000001	0.0019883273852493973
15.620000000000001	0.0019853721304317015
15.63	0.001982423169756681
15.64	0.0019794804859010555
15.65	0.0019765440611431684
15.66	0.0019736138792800255
15.67	0.0019706899209432616
15.68	0.0019677721722908175
15.69	0.0019648606147099953
15.700000000000001	0.0019619552312686367
15.71	0.0019590560045270647
15.72	0.001956162918533282
15.73	0.0019532759549839075
15.74	0.001950395099253064
15.75	0.0019475203334830295
15.76	0.0019446516404875104
15.77	0.0019417890081560617
15.780000000000001	0.0019389324237371716
15.790000000000001	0.0019360818520995813
15.8	0.0019332372882302296
15.81	0.0019303987148396287
15.82	0.0019275661167625511
15.83	0.001924739477172566
15.84	0.0019219187798687645
15.85	0.0019191040089572206
15.860000000000001	0.0019162951478375748
15.870000000000001	0.001913492180723479
15.88	0.0019106951044318265
15.89	0.0019079038466395884
15.9	0.001905118465846382
15.91	0.0019023389170959653
15.92	0.0018995652123813436
15.93	0.0018967972751051526
15.94	0.0018940351218414216
15.950000000000001	0.0018912787356636285
15.96	0.0018885281024282675
15.97	0.0018857832048612465
15.98	0.0018830440266509156
15.99	0.0018803105557355095
16.	0.0018775827750711989
16.01	0.0018748606693440692
16.02	0.0018721442232906087
16.03	0.0018694334216974662
16.04	0.0018667282494012549
16.05	0.0018640286912911769
16.06	0.0018613347322976868
16.07	0.0018586463574089696
16.080000000000002	0.001855963551659599
16.09	0.0018532863009739608
16.1	0.001850614588013479
16.11	0.0018479484003798127
16.12	0.0018452877222739775
16.13	0.0018426325395906643
16.14	0.001839982837136268
16.15	0.001837338600345653
16.16	0.0018346998155669466
16.17	0.0018320664666933736
16.18	0.0018294385429841653
16.19	0.0018268160239128196
16.2	0.0018241988961490505
16.21	0.0018215871493853922
16.22	0.0018189807674248507
16.23	0.0018163797220506568
16.240000000000002	0.0018137840266739388
16.25	0.001811193653372878
16.26	0.0018086085879957215
16.27	0.0018060288165584447
16.28	0.0018034543249998032
16.29	0.0018008850992140087
16.3	0.0017983211255329327
16.31	0.0017957623898682336
16.32	0.0017932088785300563
16.330000000000002	0.0017906605776475514
16.34	0.001788117473470381
16.35	0.0017855795524920328
16.36	0.0017830468012260017
16.37	0.0017805193553662604
16.38	0.0017779969012040374
16.39	0.0017754795756567466
16.4	0.0017729673654084445
16.41	0.0017704602566719664
16.42	0.0017679582362202084
16.43	0.001765461290696061
16.44	0.0017629694067850263
16.45	0.0017604825712159715
16.46	0.0017580007706948643
16.47	0.0017555239905106704
16.48	0.0017530522207575765
16.490000000000002	0.0017505854466838382
16.5	0.001748123655229019
16.51	0.0017456668333744047
16.52	0.0017432149681428492
16.53	0.0017407680465986667
16.54	0.0017383260558474307
16.55	0.0017358889832255393
16.56	0.0017334568155412372
16.57	0.0017310296211350282
16.580000000000002	0.0017286072256555462
16.59	0.0017261896154450508
16.6	0.001723776940739114
16.61	0.0017213691079720702
16.62	0.001718966104274912
16.63	0.0017165679171753598
16.64	0.0017141745343081734
16.65	0.0017117859429036627
16.66	0.001709402130722403
16.67	0.0017070230853926459
16.68	0.0017046487945024892
16.69	0.0017022792459169482
16.7	0.0016999144214017619
16.71	0.0016975543205536997
16.72	0.0016951989252998276
16.73	0.0016928482234841113
16.740000000000002	0.0016905022030058036
16.75	0.0016881608519470964
16.76	0.0016858241599031407
16.77	0.0016834921112142357
16.78	0.0016811645534582592
16.79	0.0016788417596281192
16.8	0.0016765235753951838
16.81	0.001674209988855676
16.82	0.0016719009882101175
16.830000000000002	0.0016695965616960642
16.84	0.0016672966976536236
16.85	0.0016650013842584327
16.86	0.0016627106099320567
16.87	0.001660424363054983
16.88	0.0016581426320478624
16.89	0.0016558654053957585
16.9	0.0016535926715351497
16.91	0.0016513244190231972
16.92	0.001649060643698473
16.93	0.0016468013195851405
16.94	0.0016445464419676521
16.95	0.0016422960007747786
16.96	0.0016400499841595225
16.97	0.0016378083808337275
16.98	0.0016355711795454572
16.990000000000002	0.0016333383691045022
17.	0.0016311099383478854
17.01	0.0016288858761044913
17.02	0.001626666171462317
17.03	0.0016244508105499695
17.04	0.0016222397877826786
17.05	0.0016200330873205417
17.06	0.001617830702513563
17.07	0.0016156326200404724
17.080000000000002	0.0016134388295407105
17.09	0.0016112493199086995
17.1	0.0016090640803318142
17.11	0.001606883100030833
17.12	0.0016047063669132457
17.13	0.001602533872962088
17.14	0.001600365606148354
17.150000000000002	0.0015982015558252344
17.16	0.001596041711386319
17.17	0.0015938860622350156
17.18	0.001591734597830148
17.19	0.0015895873076553998
17.2	0.0015874441812267009
17.21	0.0015853052080605102
17.22	0.0015831703778005203
17.23	0.0015810396800273235
17.240000000000002	0.0015789131043850086
17.25	0.001576790640605782
17.26	0.001574672278068676
17.27	0.0015725580083635698
17.28	0.0015704478182618966
17.29	0.0015683416990408263
17.3	0.0015662396404778863
17.31	0.0015641416324920854
17.32	0.001562047663770855
17.330000000000002	0.0015599577264916475
17.34	0.001557871809490985
17.35	0.001555789902796981
17.36	0.0015537119964065867
17.37	0.0015516380803677655
17.38	0.001549568144758747
17.39	0.0015475021796780815
17.400000000000002	0.0015454401752839607
17.41	0.0015433821217349687
17.42	0.0015413280092293994
17.43	0.0015392778279952949
17.44	0.0015372315681364103
17.45	0.0015351892207507278
17.46	0.0015331507749935334
17.47	0.0015311162217153305
17.48	0.0015290855512913174
17.490000000000002	0.0015270587541257815
17.5	0.0015250358207033407
17.51	0.0015230167466620884
17.52	0.0015210015119790149
17.53	0.0015189901165019698
17.54	0.00151698254271823
17.55	0.0015149787852242636
17.56	0.0015129788346253097
17.57	0.0015109826813429217
17.580000000000002	0.0015089903164623901
17.59	0.001507001730540847
17.6	0.001505016914138079
17.61	0.0015030358580788415
17.62	0.0015010585531366012
17.63	0.0014990849901125726
17.64	0.0014971151598355227
17.650000000000002	0.0014951490532241027
17.66	0.0014931866610618453
17.67	0.00149122797427331
17.68	0.001489272906775214
17.69	0.001487321603581448
17.7	0.0014853739775632872
17.71	0.0014834300219324847
17.72	0.001481489726661746
17.73	0.0014795530828238836
17.740000000000002	0.0014776200815652353
17.75	0.0014756907139179118
17.76	0.001473764971075128
17.77	0.0014718429221417576
17.78	0.0014699244025700238
17.79	0.0014680094814206166
17.8	0.0014660981499455953
17.81	0.0014641903956773732
17.82	0.0014622862160621171
17.830000000000002	0.0014603856015105911
17.84	0.0014584885418945392
17.85	0.0014565950286211863
17.86	0.0014547050529421276
17.87	0.0014528186066526119
17.88	0.0014509356810324294
17.89	0.001449056267569585
17.900000000000002	0.0014471803581209894
17.91	0.0014453079435358333
17.92	0.0014434390214230614
17.93	0.0014415735744436663
17.94	0.001439711594990551
17.95	0.0014378530771206627
17.96	0.0014359980125284186
17.97	0.0014341463929301956
17.98	0.0014322982099691762
17.990000000000002	0.0014304534554162283
18.	0.001428612121039947
18.01	0.0014267741986137058
18.02	0.0014249396799237827
18.03	0.0014231085568478378
18.04	0.0014212808212226917
18.05	0.0014194564650079208
18.06	0.0014176354799497837
18.07	0.0014158178580555663
18.080000000000002	0.0014140035887673253
18.09	0.0014121926690870703
18.1	0.0014103850825184486
18.11	0.0014085808354759096
18.12	0.0014067799091325092
18.13	0.001404982298015893
18.14	0.0014031879940333792
18.150000000000002	0.0014013969896708022
18.16	0.0013996092837585236
18.17	0.0013978248547138156
18.18	0.0013960437007540518
18.19	0.001394265815752963
18.2	0.0013924911916784967
18.21	0.0013907198196313117
18.22	0.001388951692463143
18.23	0.0013871868024709227
18.240000000000002	0.0013854251419739639
18.25	0.0013836667036749356
18.26	0.0013819114792148594
18.27	0.0013801594613415261
18.28	0.001378410642463026
18.29	0.0013766650150094392
18.3	0.0013749225714331196
18.31	0.0013731833042072317
18.32	0.0013714472058653424
18.330000000000002	0.0013697142688491072
18.34	0.001367984485735915
18.35	0.0013662578490859665
18.36	0.001364534351481225
18.37	0.0013628139855251082
18.38	0.0013610967398902912
18.39	0.0013593826151366815
18.400000000000002	0.0013576715999594792
18.41	0.0013559636870571332
18.42	0.0013542588691390107
18.43	0.0013525571389354223
18.44	0.0013508584891975836
18.45	0.001349162912697572
18.46	0.0013474704022281927
18.47	0.0013457809506029494
18.48	0.001344094550655976
18.490000000000002	0.0013424111918666642
18.5	0.001340730873857026
18.51	0.0013390535861510964
18.52	0.0013373790207872845
18.53	0.0013357080733342442
18.54	0.0013340398335604565
18.55	0.0013323745964312597
18.56	0.0013307123570707926
18.57	0.0013290531031196703
18.580000000000002	0.0013273968302930897
18.59	0.00132574353146768
18.6	0.0013240932001211858
18.61	0.0013224458291415918
18.62	0.0013208014116588714
18.63	0.001319159940803591
18.64	0.0013175214096965702
18.650000000000002	0.001315885811536195
18.66	0.0013142531395160444
18.67	0.0013126233868257426
18.68	0.0013109965467419952
18.69	0.0013093726124972624
18.7	0.0013077515773599196
18.71	0.001306133434619573
18.72	0.0013045181775849207
18.73	0.0013029057996419174
18.740000000000002	0.0013012962914590062
18.75	0.0012996896515921211
18.76	0.0012980858709953013
18.77	0.0012964849427894078
18.78	0.0012948868605562702
18.79	0.0012932916170590191
18.8	0.0012916992070520785
18.81	0.001290109623374123
18.82	0.0012885228595205162
18.830000000000002	0.0012869389047803288
18.84	0.0012853577612211829
18.85	0.0012837794180875627
18.86	0.0012822038689455203
18.87	0.0012806311072762018
18.88	0.001279061126780945
18.89	0.0012774939211952431
18.900000000000002	0.0012759294841588836
18.91	0.001274367809115236
18.92	0.0012728088898477077
18.93	0.0012712527199817542
18.94	0.0012696992933651286
18.95	0.001268148606749553
18.96	0.0012666006476051775
18.97	0.001265055412881418
18.98	0.001263512896384768
18.990000000000002	0.0012619730917459908
19.	0.0012604359930418238
19.01	0.0012589015940220117
19.02	0.0012573698884694219
19.03	0.0012558408702554001
19.04	0.0012543145333444926
19.05	0.0012527908715927534
19.06	0.001251269878893272
19.07	0.001249751549648722
19.080000000000002	0.0012482358769218761
19.09	0.0012467228551109385
19.1	0.001245212478235456
19.11	0.001243704740281862
19.12	0.0012421996352697845
19.13	0.0012406971611773818
19.14	0.0012391973048166453
19.150000000000002	0.001237700062912121
19.16	0.0012362054301930832
19.17	0.001234713400761626
19.18	0.0012332239687361574
19.19	0.0012317371282513682
19.2	0.0012302528734855851
19.21	0.0012287711985509004
19.22	0.0012272920976356659
19.23	0.0012258155649840451
19.240000000000002	0.001224341594788774
19.25	0.0012228701812810757
19.26	0.0012214013187080673
19.27	0.0012199350013327327
19.28	0.0012184712234338587
19.29	0.0012170099793350417
19.3	0.0012155512628826827
19.31	0.0012140950693353028
19.32	0.0012126413924448548
19.330000000000002	0.0012111902304229455
19.34	0.0012097415700941937
19.35	0.0012082954096128056
19.36	0.0012068517434197402
19.37	0.0012054105659148621
19.38	0.0012039718715321816
19.39	0.0012025356547453571
19.400000000000002	0.0012011019063365865
19.41	0.0011996706253793728
19.42	0.0011982418081519794
19.43	0.001196815446444267
19.44	0.0011953915347812701
19.45	0.0011939700677026939
19.46	0.0011925510397631483
19.47	0.0011911344455707512
19.48	0.0011897202796322512
19.490000000000002	0.001188308536512068
19.5	0.0011868992109927987
19.51	0.0011854922975857583
19.52	0.0011840877909413156
19.53	0.0011826856857795982
19.54	0.0011812859766900977
19.55	0.0011798886584058416
19.56	0.0011784937256157349
19.57	0.0011771011730262076
19.580000000000002	0.0011757109953743382
19.59	0.0011743231874909372
19.6	0.0011729377439650092
19.61	0.0011715546596537821
19.62	0.0011701740316238452
19.63	0.0011687956524918876
19.64	0.0011674196183913453
19.650000000000002	0.001166045795381861
19.66	0.0011646744326543354
19.67	0.001163305394682292
19.68	0.0011619386797122532
19.69	0.0011605742825455598
19.7	0.0011592121982884477
19.71	0.0011578524217292717
19.72	0.0011564949478069673
19.73	0.001155139771461004
19.740000000000002	0.0011537868876444893
19.75	0.0011524362913240959
19.76	0.0011510879774800577
19.77	0.001149741941106065
19.78	0.0011483981772093161
19.79	0.001147056680718161
19.8	0.0011457174468511003
19.81	0.001144380470563057
19.82	0.0011430457469145832
19.830000000000002	0.0011417132709794701
19.84	0.0011403830393686778
19.85	0.0011390550441829706
19.86	0.0011377292819805581
19.87	0.0011364057478843686
19.88	0.0011350844475506044
19.89	0.0011337653552209058
19.900000000000002	0.001132448476502885
19.91	0.0011311338064968145
19.92	0.001129821330166041
19.93	0.00112851106331343
19.94	0.0011272029908337541
19.95	0.0011258971080042568
19.96	0.001124593409979277
19.97	0.001123291892105026
19.98	0.0011219925393244532
19.990000000000002	0.00112069536675339
20.	0.001119400360903753
20.01	0.0011181075161433454
20.02	0.0011168168307413094
20.03	0.0011155282945999841
20.04	0.001114241905788548
20.05	0.001112957656909148
20.06	0.0011116755486159438
20.07	0.0011103955736819567
20.080000000000002	0.0011091177274895675
20.09	0.0011078420072212043
20.1	0.0011065684048000358
20.11	0.0011052969173120208
20.12	0.001104027539540133
20.13	0.00110276026836597
20.14	0.0011014950988694158
20.150000000000002	0.0011002320258620105
20.16	0.0010989710452584422
20.17	0.0010977121523463823
20.18	0.0010964553426301797
20.19	0.0010952006119108527
20.2	0.0010939479556961774
20.21	0.001092697369234485
20.22	0.0010914488483115563
20.23	0.0010902023884464067
20.240000000000002	0.0010889579852212655
20.25	0.001087715634229975
20.26	0.0010864752656742128
20.27	0.0010852370065302362
20.28	0.0010840007864727007
20.29	0.0010827666011274963
20.3	0.00108153444617716
20.31	0.0010803043172639341
20.32	0.0010790762100651107
20.330000000000002	0.0010778501203649398
20.34	0.0010766260436622548
20.35	0.0010754040355823186
20.36	0.0010741839716399983
20.37	0.0010729659079498175
20.38	0.001071749840266158
20.39	0.001070535764959195
20.400000000000002	0.0010693236765173695
20.41	0.0010681135595400084
20.42	0.0010669054334642393
20.43	0.0010656992819512467
20.44	0.0010644951015579725
20.45	0.0010632928875172478
20.46	0.0010620926357748828
20.47	0.0010608943422450601
20.48	0.001059698002629007
20.490000000000002	0.0010585036129567677
20.5	0.0010573111697717047
20.51	0.0010561206669020286
20.52	0.0010549321026304553
20.53	0.0010537454828976247
20.54	0.001052560779415774
20.55	0.001051378002691805
20.56	0.0010501971469107738
20.57	0.0010490182085475248
20.580000000000002	0.0010478411834236082
20.59	0.001046666067248719
20.6	0.0010454928561314176
20.61	0.0010443215460602584
20.62	0.001043152133034182
20.63	0.0010419846130624462
20.64	0.0010408189820662035
20.650000000000002	0.0010396552362717517
20.66	0.0010384933718501038
20.67	0.001037333384212793
20.68	0.001036175270011766
20.69	0.0010350190253179865
20.7	0.0010338646458474328
20.71	0.0010327121278730614
20.72	0.0010315614674995639
20.73	0.001030412660829789
20.740000000000002	0.0010292657039884469
20.75	0.0010281205931062154
20.76	0.0010269773243237073
20.77	0.0010258358937914342
20.78	0.0010246962976697546
20.79	0.0010235585321288763
20.8	0.0010224225932725056
20.81	0.001021288477442923
20.82	0.0010201561800812708
20.830000000000002	0.0010190256987526254
20.84	0.00101789702900433
20.85	0.001016770165042786
20.86	0.0010156451071468868
20.87	0.0010145218498024825
20.88	0.0010134003890295029
20.89	0.0010122807205249023
20.900000000000002	0.0010111628417541038
20.91	0.0010100467479871964
20.92	0.001008932435894889
20.93	0.0010078199017819532
20.94	0.0010067091413825942
20.95	0.0010056001521841957
20.96	0.0010044929309106615
20.97	0.0010033874715783325
20.98	0.001002283772259694
20.990000000000002	0.0010011818289452827
21.	0.0010000816380727577
21.01	0.0009989831960674517
21.02	0.00099788649884289
21.03	0.000996791544038382
21.04	0.0009956983264756782
21.05	0.0009946068428765692
21.06	0.000993517090847811
21.07	0.0009924290656522859
21.080000000000002	0.0009913427641193599
21.09	0.0009902581827007913
21.1	0.0009891753174925855
21.11	0.0009880941674798541
21.12	0.0009870147252026631
21.13	0.000985936960531416
21.14	0.0009848609266378174
21.150000000000002	0.0009837865917938214
21.16	0.000982713952686565
21.17	0.0009816430333240693
21.18	0.0009805737747346534
21.19	0.0009795062012657053
21.2	0.0009784403094557134
21.21	0.0009773760958814415
21.22	0.000976313557586934
21.23	0.0009752526899738725
21.240000000000002	0.0009741934905082467
21.25	0.0009731359557625511
21.26	0.0009720800819709431
21.27	0.0009710258662643688
21.28	0.0009699733046047602
21.29	0.0009689223939403215
21.3	0.00096787313090516
21.31	0.0009668255121424532
21.32	0.0009657795343031065
21.330000000000002	0.000964735194046641
21.34	0.0009636924880408784
21.35	0.0009626514129619665
21.36	0.0009616119654943595
21.37	0.0009605741419893524
21.38	0.0009595379390618711
21.39	0.0009585033546180448
21.400000000000002	0.0009574703842630605
21.41	0.0009564390254083627
21.42	0.0009554092746570259
21.43	0.0009543811283256559
21.44	0.0009533545833766414
21.45	0.0009523296365679172
21.46	0.000951306284665515
21.47	0.0009502845244434421
21.48	0.0009492643526837615
21.490000000000002	0.000948246717961399
21.5	0.0009472287619253926
21.51	0.0009462133363203765
21.52	0.0009451994863854332
21.53	0.0009441872089422724
21.54	0.0009431765007499249
21.55	0.000942167358907271
21.56	0.0009411597799479669
21.57	0.0009401537608458135
21.580000000000002	0.000939149298461181
21.59	0.0009381463895374991
21.6	0.0009371450312028941
21.61	0.000936145220540577
21.62	0.000935146953789895
21.63	0.000934150228176591
21.64	0.0009331550402881096
21.650000000000002	0.0009321613880419554
21.66	0.000931169267310475
21.67	0.0009301786753896914
21.68	0.0009291896092168536
21.69	0.0009282020657367238
21.7	0.0009272160419015985
21.71	0.0009262315350319309
21.72	0.0009252485413735956
21.73	0.0009242670582513351
21.740000000000002	0.0009232870826684933
21.75	0.0009223086116038345
21.76	0.0009213316420542096
21.77	0.0009203561710238124
21.78	0.0009193821955456195
21.79	0.0009184097125955459
21.8	0.0009174387192169504
21.81	0.0009164692124517177
21.82	0.0009155011990026246
21.830000000000002	0.0009145346562536865
21.84	0.0009135695919260786
21.85	0.0009126060017690547
21.86	0.0009116438841125055
21.87	0.0009106832350699209
21.88	0.0009097240520899689
21.89	0.0009087663322454974
21.900000000000002	0.0009078100726343522
21.91	0.0009068552700347078
21.92	0.0009059019222364352
21.93	0.0009049500259820601
21.94	0.0009039995784229144
21.95	0.0009030505766919496
21.96	0.0009021030177166001
21.97	0.0009011568990136676
21.98	0.0009002122176391284
21.990000000000002	0.0008992689706940677
22.	0.0008983271552676154
22.01	0.0008973867686913091
22.02	0.0008964478080439568
22.03	0.0008955102705623729
22.04	0.0008945741534104331
22.05	0.0008936394538019819
22.06	0.0008927061689394069
22.07	0.0008917742960378839
22.080000000000002	0.000890843832319335
22.09	0.0008899147748155435
22.1	0.0008889871211549205
22.11	0.0008880608683837674
22.12	0.0008871360137500918
22.13	0.0008862125544874582
22.14	0.0008852904880264159
22.150000000000002	0.0008843698113553814
22.16	0.0008834505218824679
22.17	0.0008825326165902163
22.18	0.0008816160933653198
22.19	0.0008807009492028654
22.2	0.0008797871814487736
22.21	0.0008788747873208095
22.22	0.0008779637640298805
22.23	0.0008770541089902833
22.240000000000002	0.000876145819862951
22.25	0.0008752388936260429
22.26	0.0008743333275691374
22.27	0.0008734291192900029
22.28	0.0008725262663002325
22.29	0.000871624764475148
22.3	0.0008707246133521214
22.31	0.0008698258092670182
22.32	0.0008689283501585859
22.330000000000002	0.0008680322324126009
22.34	0.0008671374534175157
22.35	0.0008662440115702381
22.36	0.0008653519038533353
22.37	0.0008644611275156549
22.38	0.0008635716800522796
22.39	0.0008626835588843684
22.400000000000002	0.0008617967615722886
22.41	0.0008609112852813285
22.42	0.0008600271275073638
22.43	0.0008591442859250924
22.44	0.0008582627577641907
22.45	0.0008573825405540489
22.46	0.0008565036316209767
22.47	0.0008556258102152423
22.48	0.000854749510400755
22.490000000000002	0.0008538747302750955
22.5	0.0008530010298888333
22.51	0.000852128625333082
22.52	0.0008512575141003713
22.53	0.0008503876936957598
22.54	0.0008495191616317331
22.55	0.000848651915425136
22.56	0.0008477859526387049
22.57	0.0008469212707225542
22.580000000000002	0.0008460578672510667
22.59	0.0008451957412001285
22.6	0.0008443348872867854
22.61	0.0008434754063198658
22.62	0.0008426170928101226
22.63	0.0008417599422646529
22.64	0.0008409041580197217
22.650000000000002	0.0008400496351167922
22.66	0.0008391963733356472
22.67	0.0008383443659461293
22.68	0.0008374936010710306
22.69	0.0008366441110132454
22.7	0.0008357958583289308
22.71	0.0008349488529582712
22.72	0.0008341030923067694
22.73	0.0008332585952295106
22.740000000000002	0.0008324153165255614
22.75	0.00083157327518617
22.76	0.0008307324689441645
22.77	0.000829892895522968
22.78	0.0008290545523256174
22.79	0.0008282174369929646
22.8	0.0008273815474499505
22.81	0.0008265468812284565
22.82	0.0008257134359987229
22.830000000000002	0.0008248812094364445
22.84	0.0008240501992122146
22.85	0.0008232204030336265
22.86	0.0008223918185820649
22.87	0.0008215644080180238
22.88	0.0008207382399318915
22.89	0.0008199132766815745
22.900000000000002	0.000819089515980451
22.91	0.0008182669555472456
22.92	0.0008174455931603333
22.93	0.0008166254262756377
22.94	0.0008158064563182767
22.95	0.0008149885182494866
22.96	0.0008141720811589842
22.97	0.0008133566747408809
22.98	0.0008125424527695244
22.990000000000002	0.0008117294130057057
23.	0.0008109175532154193
23.01	0.0008101068711698356
23.02	0.000809297364763864
23.03	0.0008084890315418697
23.04	0.0008076818694090481
23.05	0.0008068758761571721
23.06	0.0008060710493317773
23.07	0.0008052673872284103
23.080000000000002	0.0008044648874209318
23.09	0.0008036635479659306
23.1	0.0008028633661260805
23.11	0.000802064340071803
23.12	0.0008012664675832488
23.13	0.0008004697464926018
23.14	0.000799674174637094
23.150000000000002	0.0007988797499526434
23.16	0.000798086470098866
23.17	0.0007972943330218009
23.18	0.0007965033365785679
23.19	0.0007957134786312079
23.2	0.0007949247570804257
23.21	0.0007941371667479934
23.22	0.0007933507114889971
23.23	0.000792565386238735
23.240000000000002	0.0007917811888681383
23.25	0.0007909981172867601
23.26	0.000790216169269901
23.27	0.0007894353427283675
23.28	0.0007886556358382837
23.29	0.0007878770461260449
23.3	0.0007870995719217484
23.31	0.0007863232111036943
23.32	0.0007855479599631888
23.330000000000002	0.0007847738191993239
23.34	0.0007840007854449674
23.35	0.0007832288566392817
23.36	0.0007824580307261533
23.37	0.0007816883057410032
23.38	0.0007809196791917144
23.39	0.0007801521498422987
23.400000000000002	0.000779385715044335
23.41	0.0007786203729281809
23.42	0.0007778561214660207
23.43	0.0007770929586286704
23.44	0.0007763308940042439
23.45	0.0007755699023479828
23.46	0.0007748099945400533
23.47	0.0007740511660743197
23.48	0.0007732934149823586
23.490000000000002	0.0007725367416854564
23.5	0.0007717811373680859
23.51	0.0007710266112449644
23.52	0.0007702731614165443
23.53	0.0007695207747351868
23.54	0.0007687694545842971
23.55	0.0007680191990748527
23.56	0.0007672700063680875
23.57	0.0007665218744409526
23.580000000000002	0.0007657748013377678
23.59	0.0007650287851073149
23.6	0.000764283823802761
23.61	0.0007635399154816917
23.62	0.0007627970582067231
23.63	0.0007620552500429645
23.64	0.0007613144890617246
23.650000000000002	0.0007605747733381002
23.66	0.0007598361009553433
23.67	0.0007590984699895676
23.68	0.00075836187902366
23.69	0.0007576263251670044
23.7	0.0007568918070082594
23.71	0.000756158322648208
23.72	0.0007554258701924697
23.73	0.0007546944477503591
23.740000000000002	0.0007539640534356427
23.75	0.0007532346854278682
23.76	0.0007525063417260745
23.77	0.0007517790205183473
23.78	0.0007510527199353542
23.79	0.0007503274381119448
23.8	0.000749603767933777
23.81	0.0007488805170031424
23.82	0.0007481582792007825
23.830000000000002	0.0007474370528677303
23.84	0.0007467168349287762
23.85	0.0007459970362779214
23.86	0.0007452788302282896
23.87	0.0007445616327216253
23.88	0.0007438454364862469
23.89	0.0007431302405873556
23.900000000000002	0.0007424160432052322
23.91	0.000741702842526046
23.92	0.0007409906367345582
23.93	0.0007402794240250334
23.94	0.0007395692025939546
23.95	0.0007388599706418173
23.96	0.000738151237351102
23.97	0.0007374439798761403
23.98	0.0007367377062313441
23.990000000000002	0.0007360324151323875
24.	0.0007353281044135314
24.01	0.0007346252513275263
24.02	0.0007339228956634617
24.03	0.0007332215152367763
24.04	0.0007325211082621627
24.05	0.000731821672833417
24.060000000000002	0.0007311232075089009
24.07	0.0007304257100388756
24.080000000000002	0.0007297291793536896
24.09	0.0007290336134989831
24.1	0.0007283390104781746
24.11	0.0007276453686828605
24.12	0.0007269526863803348
24.13	0.000726260961716469
24.14	0.0007255701932169005
24.150000000000002	0.0007248803790349093
24.16	0.0007241915174530639
24.17	0.0007235036068748423
24.18	0.000722816645229591
24.19	0.0007221306311813229
24.2	0.000721445562901276
24.21	0.0007207614386909034
24.22	0.0007200782568553719
24.23	0.0007193960157036164
24.240000000000002	0.0007187147136287335
24.25	0.0007180343487861885
24.26	0.0007173549195868793
24.27	0.000716676424333721
24.28	0.0007159988617026973
24.29	0.0007153222293509845
24.3	0.0007146465259999224
24.310000000000002	0.0007139717498867617
24.32	0.0007132978979543539
24.330000000000002	0.0007126249715733388
24.34	0.0007119529673973675
24.35	0.0007112818839001594
24.36	0.0007106117194383256
24.37	0.0007099424723717634
24.38	0.0007092741410649543
24.39	0.0007086067238849688
24.400000000000002	0.0007079399331877026
24.41	0.0007072746257580204
24.42	0.0007066099413103688
24.43	0.0007059461638490333
24.44	0.0007052832929167589
24.45	0.0007046213261731589
24.46	0.0007039602624470066
24.47	0.0007033000996160181
24.48	0.000702640836878201
24.490000000000002	0.0007019824719794843
24.5	0.0007013250034394483
24.51	0.0007006684297310242
24.52	0.0007000127455593552
24.53	0.0006993579567178802
24.54	0.0006987040579489835
24.55	0.0006980510476544922
24.560000000000002	0.000697398924322217
24.57	0.0006967476862826424
24.580000000000002	0.0006960973319499157
24.59	0.0006954478599001624
24.6	0.0006947992685043818
24.61	0.0006941515600326217
24.62	0.0006935047257625424
24.63	0.0006928587670040698
24.64	0.0006922136826955747
24.650000000000002	0.000691569471294467
24.66	0.0006909261305127477
24.67	0.0006902836603134507
24.68	0.0006896420584137898
24.69	0.0006890013232844828
24.7	0.0006883614533995655
24.71	0.000687722447236169
24.72	0.0006870843032753287
24.73	0.0006864470201383396
24.740000000000002	0.0006858105960369812
24.75	0.0006851750295997247
24.76	0.0006845403193198671
24.77	0.0006839064666718259
24.78	0.0006832734617747947
24.79	0.0006826413142095435
24.8	0.0006820100135614398
24.810000000000002	0.0006813795615880513
24.82	0.0006807499568024697
24.830000000000002	0.000680121197759386
24.84	0.0006794932829014148
24.85	0.0006788662107896688
24.86	0.0006782399799499894
24.87	0.0006776145889126755
24.88	0.0006769900362072951
24.89	0.0006763663203704533
24.900000000000002	0.000675743439935862
24.91	0.0006751213934546176
24.92	0.0006745001794666883
24.93	0.0006738797969634487
24.94	0.0006732602438964796
24.95	0.0006726415186880649
24.96	0.000672023621337826
24.97	0.0006714065479684136
24.98	0.0006707902985516266
24.990000000000002	0.0006701748715299904
25.	0.0006695602654666282
25.01	0.0006689464789086703
25.02	0.0006683335104612913
25.03	0.0006677213587335166
25.04	0.0006671100222620911
25.05	0.0006664994996611585
25.060000000000002	0.0006658897184904387
25.07	0.0006652808190877115
25.080000000000002	0.0006646727296546038
25.09	0.0006640654487861363
25.1	0.0006634590451673255
25.11	0.0006628533761475909
25.12	0.0006622485111604127
25.13	0.0006616444488144035
25.14	0.0006610411878050312
25.150000000000002	0.000660438726578808
25.16	0.0006598370637542001
25.17	0.0006592361981180155
25.18	0.0006586354481946803
25.19	0.0006580368526572173
25.2	0.0006574383698103016
25.21	0.00065684067919113
25.22	0.0006562437784886582
25.23	0.0006556476666749338
25.240000000000002	0.0006550523420412631
25.25	0.0006544578039307165
25.26	0.0006538640505579216
25.27	0.0006532710807357344
25.28	0.0006526788930347183
25.29	0.000652087486109937
25.3	0.0006514968586192983
25.310000000000002	0.0006509070092235381
25.32	0.0006503179365862185
25.330000000000002	0.0006497296393126855
25.34	0.0006491421162069392
25.35	0.0006485553658517519
25.36	0.0006479693869403226
25.37	0.0006473841780071586
25.38	0.000646799738012819
25.39	0.0006462158951094517
25.400000000000002	0.0006456331591560311
25.41	0.000645051017668211
25.42	0.0006444696397284645
25.43	0.0006438890240310077
25.44	0.0006433091692727761
25.45	0.0006427300741534678
25.46	0.0006421517373578405
25.47	0.000641574157626398
25.48	0.0006409973336492963
25.490000000000002	0.0006404212641371134
25.5	0.000639845947803121
25.51	0.0006392713833632813
25.52	0.0006386975696718588
25.53	0.0006381245051791517
25.54	0.000637552183281841
25.55	0.0006369806136406411
25.560000000000002	0.0006364097895136522
25.57	0.0006358397096328933
25.580000000000002	0.0006352703727330192
25.59	0.0006347017775513412
25.6	0.0006341339231018813
25.61	0.0006335668075781265
25.62	0.0006330004300002766
25.63	0.0006324347891367802
25.64	0.0006318698836967713
25.650000000000002	0.000631305712429635
25.66	0.0006307422741396291
25.67	0.0006301795675606488
25.68	0.0006296175910371691
25.69	0.0006290563441645315
25.7	0.0006284958252735191
25.71	0.0006279360331718254
25.72	0.0006273769666238795
25.73	0.0006268186243773857
25.740000000000002	0.0006262610052215259
25.75	0.0006257041079350065
25.76	0.0006251479312991094
25.77	0.0006245924740976206
25.78	0.0006240377351168558
25.79	0.0006234837131456487
25.8	0.0006229304069753396
25.810000000000002	0.0006223778151815062
25.82	0.0006218259369971049
25.830000000000002	0.0006212747710026346
25.84	0.000620724315999403
25.85	0.0006201745707912163
25.86	0.000619625534222402
25.87	0.0006190772024391167
25.88	0.0006185295794605658
25.89	0.0006179826615321631
25.900000000000002	0.0006174364474395918
25.91	0.0006168909360166041
25.92	0.0006163461260841938
25.93	0.0006158020164657828
25.94	0.0006152586059872114
25.95	0.0006147158934767528
25.96	0.0006141738777650776
25.97	0.000613632557669435
25.98	0.0006130919320927634
25.990000000000002	0.0006125519997854961
26.	0.0006120127596237567
26.01	0.0006114742104502029
26.02	0.0006109363509361667
26.03	0.0006103991802896845
26.04	0.0006098626969055333
26.05	0.0006093269001582678
26.060000000000002	0.0006087917885819287
26.07	0.0006082573611657699
26.080000000000002	0.0006077236196673618
26.09	0.0006071905570221207
26.1	0.0006066581747616072
26.11	0.0006061264722641238
26.12	0.0006055954482500872
26.13	0.0006050651015029163
26.14	0.0006045354309298542
26.150000000000002	0.0006040064353893942
26.16	0.0006034781137592789
26.17	0.0006029504649195401
26.18	0.0006024234878091363
26.19	0.0006018971811992588
26.2	0.0006013715439014383
26.21	0.0006008465750693787
26.22	0.0006003222730973732
26.23	0.0005997986375991131
26.240000000000002	0.0005992756671244486
26.25	0.0005987533605663382
26.26	0.0005982317168171941
26.27	0.0005977107344513114
26.28	0.0005971904130380182
26.29	0.0005966707511481634
26.3	0.0005961517476995643
26.310000000000002	0.0005956334015995602
26.32	0.0005951157117509475
26.330000000000002	0.0005945986768623712
26.34	0.0005940822962991362
26.35	0.0005935665687528274
26.36	0.0005930514931351657
26.37	0.0005925370678544614
26.38	0.0005920232928628635
26.39	0.0005915101666329236
26.400000000000002	0.0005909976880545818
26.41	0.0005904858561921194
26.42	0.0005899746695684355
26.43	0.0005894641275542077
26.44	0.0005889542289383012
26.45	0.0005884449726627757
26.46	0.0005879363576082449
26.47	0.0005874283828490405
26.48	0.0005869210472692817
26.490000000000002	0.0005864143480927594
26.5	0.0005859082877250329
26.51	0.0005854028637618066
26.52	0.00058489769407163
26.53	0.0005843935278147785
26.54	0.0005838900048929047
26.55	0.0005833871138493213
26.560000000000002	0.0005828852358969749
26.57	0.0005823836059868256
26.580000000000002	0.0005818826048566418
26.59	0.0005813822314976743
26.6	0.0005808824849037443
26.61	0.000580383363939964
26.62	0.0005798848676647839
26.63	0.000579386995047874
26.64	0.0005788897450710659
26.650000000000002	0.0005783931167182234
26.66	0.0005778971089129989
26.67	0.000577401720798798
26.68	0.0005769069512414321
26.69	0.0005764127992638593
26.7	0.000575919263860105
26.71	0.0005754263440261884
26.72	0.0005749340394384835
26.73	0.000574442347744723
26.740000000000002	0.0005739512784523324
26.75	0.0005734608108102991
26.76	0.0005729709538131682
26.77	0.0005724817063862203
26.78	0.0005719930675514231
26.79	0.000571505036365046
26.8	0.0005710176117878398
26.810000000000002	0.0005705307928390977
26.82	0.0005700445803128524
26.830000000000002	0.0005695589697100547
26.84	0.0005690739617879722
26.85	0.0005685895556076339
26.86	0.000568105750105571
26.87	0.000567622544434468
26.88	0.0005671399375852548
26.89	0.0005666579285735
26.900000000000002	0.000566176516432621
26.91	0.0005656957001925651
26.92	0.0005652154789013935
26.93	0.0005647358515928774
26.94	0.0005642568173080945
26.95	0.0005637783750900281
26.96	0.000563300523983867
26.97	0.0005628232630357788
26.98	0.0005623465912947367
26.990000000000002	0.0005618705076946895
27.	0.0005613950115213457
27.01	0.0005609201017123459
27.02	0.0005604457763164323
27.03	0.0005599720364104367
27.04	0.0005594988800429459
27.05	0.0005590263062759137
27.060000000000002	0.0005585543141726233
27.07	0.0005580829028022975
27.080000000000002	0.0005576120712251077
27.09	0.0005571418185138134
27.1	0.0005566719078442764
27.11	0.0005562030458612698
27.12	0.0005557345241787168
27.13	0.000555266577657072
27.14	0.0005547992053746554
27.150000000000002	0.0005543324064115949
27.16	0.0005538661798498313
27.17	0.0005534005247268611
27.18	0.0005529354385561502
27.19	0.0005524709236542749
27.2	0.0005520069775007633
27.21	0.0005515435992066048
27.22	0.0005510807896984037
27.23	0.0005506185443916855
27.240000000000002	0.0005501568642065615
27.25	0.0005496957482429289
27.26	0.0005492351955969473
27.27	0.0005487752053720618
27.28	0.0005483157766716294
27.29	0.0005478569086007768
27.3	0.0005473986002663752
27.310000000000002	0.0005469408507767606
27.32	0.000546483659242895
27.330000000000002	0.0005460270247765929
27.34	0.0005455709464915238
27.35	0.0005451154235006201
27.36	0.0005446604548587697
27.37	0.0005442060398133376
27.38	0.000543752177429828
27.39	0.0005432988668511177
27.400000000000002	0.0005428461071794946
27.41	0.0005423938974973524
27.42	0.0005419422369695064
27.43	0.0005414911247252739
27.44	0.0005410405598956647
27.45	0.0005405905416133688
27.46	0.0005401410689834729
27.47	0.0005396921412211693
27.48	0.0005392437573940013
27.490000000000002	0.0005387959166618291
27.5	0.0005383486181657649
27.51	0.0005379018610485902
27.52	0.0005374556444515483
27.53	0.000537009967548895
27.54	0.0005365648294167773
27.55	0.0005361202292762964
27.560000000000002	0.0005356761662250805
27.57	0.0005352326394728139
27.580000000000002	0.0005347896481453969
27.59	0.0005343471913988368
27.6	0.0005339052683052833
27.61	0.0005334638781951141
27.62	0.000533023020143644
27.63	0.0005325826993302094
27.64	0.0005321429027922387
27.650000000000002	0.0005317036360648097
27.66	0.0005312648978891666
27.67	0.0005308266875155344
27.68	0.0005303890043042399
27.69	0.0005299518477905296
27.7	0.0005295152161953756
27.71	0.000529079109180251
27.72	0.0005286435254507311
27.73	0.0005282084590412585
27.740000000000002	0.0005277739208304622
27.75	0.0005273399039193356
27.76	0.0005269064074950087
27.77	0.0005264734521673983
27.78	0.0005260409942196803
27.79	0.000525609054311746
27.8	0.0005251776316324921
27.810000000000002	0.0005247467253744987
27.82	0.0005243163347297725
27.830000000000002	0.0005238864588925782
27.84	0.0005234570970097833
27.85	0.000523028248377968
27.86	0.000522599912144573
27.87	0.0005221720875022766
27.88	0.0005217447736709991
27.89	0.000521317969845269
27.900000000000002	0.0005208916752380245
27.91	0.0005204658890161676
27.92	0.000520040610443474
27.93	0.0005196158387056224
27.94	0.0005191915730234806
27.95	0.000518767812590047
27.96	0.0005183445566293155
27.97	0.000517921804187894
27.98	0.0005174995549514775
27.990000000000002	0.0005170778077088519
28.	0.0005166565618103544
28.01	0.000516235816477714
28.02	0.0005158155708577881
28.03	0.0005153958243487916
28.04	0.0005149765760873687
28.05	0.0005145578252636739
28.060000000000002	0.0005141395711362449
28.07	0.0005137218129354791
28.080000000000002	0.0005133045498933246
28.09	0.0005128877812178216
28.1	0.0005124715061986925
28.11	0.0005120557336109538
28.12	0.0005116404435528709
28.13	0.0005112256448826799
28.14	0.0005108113367495112
28.150000000000002	0.0005103974983136818
28.16	0.0005099841691054579
28.17	0.0005095713281125368
28.18	0.0005091589748745314
28.19	0.0005087471082305924
28.2	0.0005083357277532872
28.21	0.0005079248325819699
28.22	0.0005075144218312975
28.23	0.0005071044950291081
28.240000000000002	0.0005066950512844216
28.25	0.0005062860898719495
28.26	0.0005058776100403355
28.27	0.0005054696119420107
28.28	0.0005050620930498056
28.29	0.00050465505352027
28.3	0.0005042484926623855
28.310000000000002	0.0005038424096496802
28.32	0.0005034368037940178
28.330000000000002	0.000503031674362957
28.34	0.0005026270207567593
28.35	0.0005022228419829697
28.36	0.000501819137444774
28.37	0.0005014159064378406
28.38	0.0005010131481861786
28.39	0.0005006108522944441
28.400000000000002	0.0005002090374385856
28.41	0.000499807693197423
28.42	0.0004994068188568879
28.43	0.0004990064136734702
28.44	0.0004986064769580443
28.45	0.0004982070079883426
28.46	0.0004978080060464043
28.47	0.0004974094703898012
28.48	0.0004970114003645783
28.490000000000002	0.0004966137952460815
28.5	0.0004962166542962261
28.51	0.0004958199768188944
28.52	0.0004954237624190719
28.53	0.0004950280097316891
28.54	0.0004946327186256329
28.55	0.0004942378879633175
28.560000000000002	0.0004938435232342466
28.57	0.0004934496117972939
28.580000000000002	0.0004930561589158379
28.59	0.0004926631639080141
28.6	0.0004922706260749219
28.61	0.0004918785445013877
28.62	0.0004914869189009409
28.63	0.0004910957483623157
28.64	0.0004907050321947224
28.650000000000002	0.0004903147697470394
28.66	0.000489924960311596
28.67	0.0004895356031925015
28.68	0.0004891466977203889
28.69	0.0004887582432018049
28.7	0.0004883702388963692
28.71	0.00048798268424174576
28.72	0.0004875955784960013
28.73	0.00048720892085260287
28.740000000000002	0.0004868227108877132
28.75	0.0004864369477910038
28.76	0.000486051629335725
28.77	0.00048566675796147575
28.78	0.00048528233143842073
28.79	0.0004848983490946818
28.8	0.00048451481025961094
28.810000000000002	0.0004841317149075982
28.82	0.00048374906108279177
28.830000000000002	0.00048336684876221426
28.84	0.0004829850773654563
28.85	0.0004826037460585579
28.86	0.00048222285426435373
28.87	0.0004818424013162095
28.88	0.00048146238655627515
28.89	0.0004810828093250279
28.900000000000002	0.00048070366895285635
28.91	0.00048032496480520764
28.92	0.0004799466962150063
28.93	0.00047956886253196045
28.94	0.00047919146305440365
28.95	0.0004788144972329474
28.96	0.0004784379643391448
28.97	0.00047806186374161567
28.98	0.00047768619479174426
28.990000000000002	0.0004773109568421099
29.	0.0004769361492583208
29.01	0.00047656177120468775
29.02	0.00047618782238211503
29.03	0.00047581474765571205
29.04	0.00047544165641926796
29.05	0.00047506854495662614
29.060000000000002	0.0004746963077407101
29.07	0.00047432449463443913
29.080000000000002	0.0004739531067550412
29.09	0.00047358214346693967
29.1	0.0004732116041357067
29.11	0.00047284148812808927
29.12	0.00047247179481200215
29.13	0.0004721025235098475
29.14	0.0004717336736851735
29.150000000000002	0.0004713652446625557
29.16	0.0004709972358148719
29.17	0.0004706296465156445
29.18	0.0004702624761397214
29.19	0.0004698957240630945
29.2	0.00046952938966289694
29.21	0.0004691634723173969
29.22	0.00046879797140601684
29.23	0.00046843288639431197
29.240000000000002	0.0004680682164944447
29.25	0.000467703961173745
29.26	0.00046734011981616383
29.27	0.00046697669180677606
29.28	0.00046661367653177196
29.29	0.0004662510733784796
29.3	0.0004658888817353339
29.310000000000002	0.00046552710099189354
29.32	0.0004651657305527539
29.330000000000002	0.00046480476978070525
29.34	0.00046444421808484174
29.35	0.00046408407494035435
29.36	0.0004637243395776603
29.37	0.00046336501147088135
29.38	0.00046300609002621773
29.39	0.00046264757464006785
29.400000000000002	0.0004622894647070747
29.41	0.00046193182386289864
29.42	0.00046157452299138427
29.43	0.0004612175616529874
29.44	0.0004608610675591687
29.45	0.00046050497593479243
29.46	0.00046014928618792864
29.47	0.0004597939977215961
29.48	0.00045943910994601287
29.490000000000002	0.0004590846223571621
29.5	0.00045873053419183353
29.51	0.00045837684476968045
29.52	0.0004580235539234383
29.53	0.0004576706601725344
29.54	0.0004573181641757269
29.55	0.0004569660647561587
29.560000000000002	0.00045661436133128037
29.57	0.0004562630533268964
29.580000000000002	0.0004559121401457704
29.59	0.00045556162121580503
29.6	0.0004552114959579102
29.61	0.00045486176379406194
29.62	0.0004545124241421986
29.63	0.0004541634764262597
29.64	0.0004538149200856836
29.650000000000002	0.00045346675453700685
29.66	0.0004531189792078521
29.67	0.0004527715935264296
29.68	0.0004524245969928336
29.69	0.0004520779888248545
29.7	0.0004517317687214562
29.71	0.00045138593593358004
29.72	0.00045104048989678085
29.73	0.00045069543015173864
29.740000000000002	0.0004503507560806333
29.75	0.0004500064671914193
29.76	0.00044966256277828977
29.77	0.0004493190423513264
29.78	0.0004489759053499571
29.79	0.00044863315121462425
29.8	0.0004482907796346779
29.810000000000002	0.00044794878949759896
29.82	0.0004476071806008237
29.830000000000002	0.00044726595235535806
29.84	0.00044692510423014083
29.85	0.00044658463559673185
29.86	0.0004462445459404627
29.87	0.0004459048347097603
29.88	0.0004455655012946013
29.89	0.00044522654526414136
29.900000000000002	0.0004448879660104373
29.91	0.00044454976298585194
29.92	0.0004442119356437247
29.93	0.00044387448343838684
29.94	0.0004435374058251296
29.95	0.0004432007022512435
29.96	0.0004428643721918797
29.97	0.0004425284150963348
29.98	0.00044219283042377526
29.990000000000002	0.00044185761763943085
30.	0.0004415227763663572